1-row windows: off 26, BRANCHES 24; compute between exchanges (us, median over windows)
seg  off     on    on-off
  0    15.8    15.6   -0.1
  1   271.2   267.6   -3.6
  2   249.7   251.9   +2.2
  3  1834.4  1882.4  +48.1 <-
  4   758.2   755.6   -2.5
  5   244.6   249.0   +4.4 <-
  6   310.2   289.0  -21.2 <-
  7   241.4   248.3   +6.9 <-
  8   211.3   209.1   -2.2
  9   247.6   252.6   +5.0 <-
 10   213.3   216.1   +2.8
 11   250.7   254.3   +3.6
 12   211.7   217.9   +6.2 <-
 13   245.7   252.4   +6.8 <-
 14   218.4   222.6   +4.3 <-
 15   247.2   251.3   +4.2 <-
 16   216.3   218.1   +1.8
 17   244.4   249.8   +5.4 <-
 18   308.7   279.7  -29.0 <-
 19   247.0   243.3   -3.7
 20   213.9   210.2   -3.7
 21   252.0   249.6   -2.4
 22   216.8   215.2   -1.5
 23   250.1   251.9   +1.8
 24   208.9   218.6   +9.7 <-
 25   236.4   247.1  +10.7 <-
 26   215.6   215.6   +0.0
 27   239.8   242.9   +3.1
 28   208.6   208.2   -0.4
 29   237.8   239.1   +1.3
 30    14.4    14.1   -0.3
 31   785.1   749.4  -35.8 <-
 32   232.5   237.5   +5.0 <-
 33   209.7   213.2   +3.4
 34   227.2   237.0   +9.8 <-
 35   202.8   203.8   +1.0
 36   238.9   241.8   +2.9
 37   209.0   213.6   +4.7 <-
 38   243.5   244.7   +1.2
 39   213.9   220.9   +7.0 <-
 40   200.6   210.3   +9.7 <-
 41   210.7   212.0   +1.2
 42   192.0   197.1   +5.1 <-
 43   303.8   280.6  -23.2 <-
 44   191.1   190.5   -0.6
 45   217.9   212.5   -5.4 <-
 46   197.9   193.5   -4.4 <-
 47   212.7   203.8   -8.9 <-
 48   199.0   197.8   -1.2
 49   209.6   207.1   -2.4
 50   238.2   234.2   -4.0
 51   274.6   237.9  -36.7 <-
 52   230.2   230.4   +0.2
 53   205.8   208.1   +2.3
 54   236.4   240.0   +3.6
 55   208.4   206.2   -2.1
 56   244.0   232.2  -11.8 <-
 57   214.6   203.3  -11.3 <-
 58   245.4   240.8   -4.6 <-
 59   281.9   239.4  -42.4 <-
 60   248.0   239.8   -8.3 <-
 61   212.8   208.5   -4.2 <-
 62   243.7   243.4   -0.3
 63   214.7   214.5   -0.2
 64   249.0   254.3   +5.2 <-
 65   214.0   212.9   -1.1
 66   254.1   254.5   +0.3
 67   285.2   258.1  -27.1 <-
 68   252.6   253.7   +1.2
 69   219.9   217.6   -2.3
 70   259.0   252.8   -6.2 <-
 71   221.2   213.5   -7.8 <-
 72   252.0   249.9   -2.1
 73   229.5   215.6  -13.9 <-
 74   255.0   251.6   -3.4
 75   270.0   232.7  -37.3 <-
 76   244.8   242.2   -2.7
 77   209.4   206.0   -3.4
 78   245.4   247.7   +2.3
 79   209.4   208.6   -0.9
 80   243.6   246.5   +3.0
 81   213.5   210.3   -3.2
 82   243.4   236.0   -7.4 <-
sum on-off -199.7 us; sum off 21.649 ms, on 21.450 ms
even segments (attention sublayers if the order is attn, moe) -41.5 us, odd -158.2 us
off kernels a window, on non-main streams, their us, streams: 1329.0 154.0 8726.8 2.0
on kernels a window, on non-main streams, their us, streams: 1314.0 276.0 10842.4 3.0
